0.258977092
-0.834971036
0.849194996
-0.521246696
0.460288626
-0.456061207
0.508786403
-0.410446459
-0.120278487
0.790615122
-0.250420686
-0.154209932
-0.722279851
-0.034237589
0.008672631
-0.86784727
0.20094648
-0.629414976
-0.846178029
0.738881656
-0.829326868
-0.263017844
0.967379946
-0.073595576
0.395889051
0.466670318
-0.701728489
-0.841866988
0.890687985
-0.161268086
-0.719343488
0.368440397
0.53196421
-0.670683905
0.349664603
0.434456198
-0.267167832
-0.171747951
-0.194390187
0.845241433
0.847771975
0.173850965
0.816023182
-0.629293172
-0.69193611
0.6541155
-0.449679045
0.697988779
0.680236976
-0.849127942
0.941410476
-0.277850606
-0.241934799
0.765402436
-0.143627735
0.709520038
-0.857447192
0.96806557
-0.885595587
-0.450376837
0.976213145
-0.279620068
0.389488443
0.762995939
0.11361626
0.159047642
-0.655545339
-0.952925345
-0.979251869
0.351532415
0.794931981
0.571541154
-0.977972097
0.338345297
0.683246578
-0.722186953
-0.773363551
0.3282886
0.893536616
0.525587497
-0.187209969
-0.278203737
-0.405117113
0.848660013
-0.078089562
-0.625164492
0.090706032
0.126744179
0.426613512
0.424574413
0.328274261
0.693939755
0.638177363
-0.390083802
-0.043090706
-0.707184268
-0.03443284
-0.046999203
-0.532043579
-0.455790282
